7811164838;
7707009586;
7839076853;
1660077315;
2202000381;
3804018123;
5401299620;
7404057245;
3702127733;
7707009586;
3003005235;
7704218694;
5038005670;
7707009586;
7707009586;
7707009586;
6659124136;
7735579718;
1655268699;
7704218694;
7703167013;
2221014125;
2634014783;
3528007105;
7840386673;
5050043640;
7714033766;
2634014783;
2634014783;
7707009586;
2634014783;
7821011020;
7727826353;
7728178835;
2465273614;
5254482205;
7704218694;
7725292434;
7707009586;
7707009586;
7716007987;
3528007105;
4015005506;
3702058423;
5254482205;
2202000381;
2202000381;
1660077315;
7707009586;